$TITLE    Created by panin, version 1.0 (4Jan2000) on                
INPUT FILE FOR PanAir (A502-ht2)                                                
Created by PANIN                                                                
$DATACHECK
    0.0000
$SYM
    1.0000    0.0000
$MACH NUMBER
    1.6000
$CASES
    1.0000
$ANGLES OF ATTACK
   -1.0000
   -1.0000
$YAW ANGLES
    0.0000
    0.0000
$REFERENCE DATA FOR 3-D FORCES AND MOMENTS
    1.4864    0.0000    0.0000    1.0000
   92.9030   22.6046    4.5000   22.6046
$PRINTOUT CONTROL
       0.0       0.0       0.0       0.0       0.0       0.0
       0.0       0.0       0.0       0.0       0.0       0.0
$EAT
  0.000000       0.0       0.0       0.0       0.0       0.0
$VELOCITY CORRECTION
    0.0000
$POINTS for network #  1   wing                                              
       1.0
       1.0                                     0.0       0.0
      51.0      33.0                                                  wing      
    5.9456    0.0000    0.0000    5.6488    0.0000    0.0235
    5.3520    0.0000    0.0467    5.0550    0.0000    0.0700
    4.7579    0.0000    0.0927    4.4607    0.0000    0.1145
    4.1633    0.0000    0.1346    3.8659    0.0000    0.1529
    3.5683    0.0000    0.1688    3.2706    0.0000    0.1821
    2.9728    0.0000    0.1925    2.6750    0.0000    0.1992
    2.3771    0.0000    0.2018    2.0792    0.0000    0.1991
    1.7814    0.0000    0.1925    1.4836    0.0000    0.1820
    1.1857    0.0000    0.1671    0.8881    0.0000    0.1474
    0.5906    0.0000    0.1213    0.4419    0.0000    0.1050
    0.2934    0.0000    0.0853    0.1451    0.0000    0.0600
    0.0712    0.0000    0.0426    0.0419    0.0000    0.0330
    0.0273    0.0000    0.0269    0.0000    0.0000    0.0000
    0.0322    0.0000   -0.0219    0.0473    0.0000   -0.0260
    0.0774    0.0000   -0.0320    0.1522    0.0000   -0.0415
    0.3012    0.0000   -0.0539    0.4500    0.0000   -0.0629
    0.5985    0.0000   -0.0700    0.8956    0.0000   -0.0806
    1.1925    0.0000   -0.0881    1.4893    0.0000   -0.0932
    1.7860    0.0000   -0.0960    2.0827    0.0000   -0.0968
    2.3794    0.0000   -0.0955    2.6761    0.0000   -0.0905
    2.9728    0.0000   -0.0830    3.2696    0.0000   -0.0735
    3.5665    0.0000   -0.0625    3.8635    0.0000   -0.0506
    4.1606    0.0000   -0.0381    4.4577    0.0000   -0.0257
    4.7551    0.0000   -0.0137    5.0526    0.0000   -0.0032
    5.3502    0.0000    0.0047    5.6479    0.0000    0.0079
    5.9456    0.0000    0.0000
    6.3498    0.3510   -0.0023    6.0578    0.3510    0.0209
    5.7659    0.3510    0.0438    5.4738    0.3510    0.0669
    5.1816    0.3510    0.0894    4.8892    0.3510    0.1109
    4.5967    0.3510    0.1308    4.3041    0.3510    0.1489
    4.0113    0.3510    0.1647    3.7185    0.3510    0.1779
    3.4256    0.3510    0.1882    3.1327    0.3510    0.1949
    2.8396    0.3510    0.1976    2.5466    0.3510    0.1950
    2.2536    0.3510    0.1887    1.9606    0.3510    0.1785
    1.6677    0.3510    0.1639    1.3749    0.3510    0.1447
    1.0822    0.3510    0.1191    0.9359    0.3510    0.1031
    0.7898    0.3510    0.0838    0.6440    0.3510    0.0589
    0.5713    0.3510    0.0419    0.5424    0.3510    0.0324
    0.5281    0.3510    0.0264    0.5012    0.3510    0.0000
    0.5329    0.3510   -0.0216    0.5478    0.3510   -0.0256
    0.5774    0.3510   -0.0315    0.6509    0.3510   -0.0409
    0.7975    0.3510   -0.0532    0.9438    0.3510   -0.0620
    1.0900    0.3510   -0.0691    1.3822    0.3510   -0.0796
    1.6743    0.3510   -0.0871    1.9662    0.3510   -0.0922
    2.2581    0.3510   -0.0952    2.5499    0.3510   -0.0960
    2.8418    0.3510   -0.0948    3.1336    0.3510   -0.0901
    3.4255    0.3510   -0.0828    3.7175    0.3510   -0.0735
    4.0095    0.3510   -0.0629    4.3016    0.3510   -0.0513
    4.5939    0.3510   -0.0391    4.8862    0.3510   -0.0269
    5.1787    0.3510   -0.0153    5.4714    0.3510   -0.0051
    5.7641    0.3510    0.0025    6.0570    0.3510    0.0056
    6.3498    0.3510   -0.0023
    6.7541    0.7019   -0.0046    6.4669    0.7019    0.0184
    6.1798    0.7019    0.0410    5.8925    0.7019    0.0638
    5.6052    0.7019    0.0860    5.3177    0.7019    0.1073
    5.0300    0.7019    0.1270    4.7423    0.7019    0.1449
    4.4544    0.7019    0.1606    4.1664    0.7019    0.1737
    3.8784    0.7019    0.1839    3.5903    0.7019    0.1907
    3.3022    0.7019    0.1934    3.0140    0.7019    0.1910
    2.7258    0.7019    0.1849    2.4377    0.7019    0.1749
    2.1496    0.7019    0.1607    1.8617    0.7019    0.1419
    1.5739    0.7019    0.1169    1.4300    0.7019    0.1012
    1.2863    0.7019    0.0823    1.1428    0.7019    0.0579
    1.0714    0.7019    0.0412    1.0430    0.7019    0.0318
    1.0289    0.7019    0.0260    1.0025    0.7019    0.0000
    1.0336    0.7019   -0.0212    1.0482    0.7019   -0.0252
    1.0773    0.7019   -0.0310    1.1497    0.7019   -0.0403
    1.2938    0.7019   -0.0524    1.4377    0.7019   -0.0612
    1.5814    0.7019   -0.0682    1.8688    0.7019   -0.0787
    2.1560    0.7019   -0.0861    2.4431    0.7019   -0.0913
    2.7301    0.7019   -0.0943    3.0171    0.7019   -0.0953
    3.3041    0.7019   -0.0942    3.5911    0.7019   -0.0896
    3.8782    0.7019   -0.0826    4.1653    0.7019   -0.0736
    4.4525    0.7019   -0.0632    4.7398    0.7019   -0.0519
    5.0272    0.7019   -0.0401    5.3147    0.7019   -0.0282
    5.6024    0.7019   -0.0169    5.8902    0.7019   -0.0069
    6.1780    0.7019    0.0004    6.4661    0.7019    0.0033
    6.7541    0.7019   -0.0046
    7.1583    1.0529   -0.0068    6.8760    1.0529    0.0158
    6.5937    1.0529    0.0382    6.3113    1.0529    0.0607
    6.0288    1.0529    0.0827    5.7462    1.0529    0.1038
    5.4634    1.0529    0.1232    5.1805    1.0529    0.1409
    4.8975    1.0529    0.1565    4.6144    1.0529    0.1695
    4.3312    1.0529    0.1796    4.0480    1.0529    0.1864
    3.7647    1.0529    0.1892    3.4814    1.0529    0.1869
    3.1981    1.0529    0.1810    2.9148    1.0529    0.1714
    2.6316    1.0529    0.1576    2.3485    1.0529    0.1392
    2.0655    1.0529    0.1147    1.9241    1.0529    0.0993
    1.7828    1.0529    0.0808    1.6417    1.0529    0.0569
    1.5715    1.0529    0.0405    1.5435    1.0529    0.0313
    1.5297    1.0529    0.0256    1.5037    1.0529    0.0000
    1.5343    1.0529   -0.0209    1.5487    1.0529   -0.0248
    1.5773    1.0529   -0.0305    1.6484    1.0529   -0.0396
    1.7901    1.0529   -0.0517    1.9316    1.0529   -0.0603
    2.0729    1.0529   -0.0672    2.3553    1.0529   -0.0777
    2.6377    1.0529   -0.0852    2.9199    1.0529   -0.0903
    3.2022    1.0529   -0.0934    3.4843    1.0529   -0.0945
    3.7665    1.0529   -0.0936    4.0487    1.0529   -0.0892
    4.3309    1.0529   -0.0823    4.6132    1.0529   -0.0736
    4.8955    1.0529   -0.0636    5.1780    1.0529   -0.0526
    5.4606    1.0529   -0.0410    5.7432    1.0529   -0.0295
    6.0260    1.0529   -0.0185    6.3090    1.0529   -0.0088
    6.5920    1.0529   -0.0017    6.8752    1.0529    0.0010
    7.1583    1.0529   -0.0068
    7.5625    1.4039   -0.0091    7.2850    1.4039    0.0133
    7.0076    1.4039    0.0354    6.7301    1.4039    0.0577
    6.4524    1.4039    0.0794    6.1747    1.4039    0.1002
    5.8967    1.4039    0.1194    5.6187    1.4039    0.1370
    5.3406    1.4039    0.1523    5.0623    1.4039    0.1652
    4.7840    1.4039    0.1753    4.5056    1.4039    0.1821
    4.2272    1.4039    0.1850    3.9488    1.4039    0.1829
    3.6703    1.4039    0.1772    3.3919    1.4039    0.1678
    3.1135    1.4039    0.1544    2.8353    1.4039    0.1364
    2.5571    1.4039    0.1125    2.4181    1.4039    0.0974
    2.2793    1.4039    0.0793    2.1406    1.4039    0.0558
    2.0716    1.4039    0.0397    2.0441    1.4039    0.0307
    2.0305    1.4039    0.0251    2.0049    1.4039    0.0000
    2.0350    1.4039   -0.0206    2.0491    1.4039   -0.0244
    2.0772    1.4039   -0.0300    2.1471    1.4039   -0.0390
    2.2864    1.4039   -0.0509    2.4254    1.4039   -0.0595
    2.5643    1.4039   -0.0663    2.8419    1.4039   -0.0767
    3.1195    1.4039   -0.0842    3.3968    1.4039   -0.0894
    3.6742    1.4039   -0.0925    3.9515    1.4039   -0.0937
    4.2289    1.4039   -0.0929    4.5062    1.4039   -0.0887
    4.7836    1.4039   -0.0821    5.0610    1.4039   -0.0737
    5.3385    1.4039   -0.0639    5.6161    1.4039   -0.0532
    5.8939    1.4039   -0.0420    6.1717    1.4039   -0.0308
    6.4496    1.4039   -0.0201    6.7277    1.4039   -0.0107
    7.0059    1.4039   -0.0038    7.2842    1.4039   -0.0013
    7.5625    1.4039   -0.0091
    7.9667    1.7548   -0.0114    7.6941    1.7548    0.0107
    7.4215    1.7548    0.0326    7.1488    1.7548    0.0546
    6.8761    1.7548    0.0760    6.6031    1.7548    0.0966
    6.3300    1.7548    0.1156    6.0569    1.7548    0.1330
    5.7836    1.7548    0.1482    5.5102    1.7548    0.1610
    5.2368    1.7548    0.1711    4.9633    1.7548    0.1778
    4.6897    1.7548    0.1808    4.4161    1.7548    0.1788
    4.1426    1.7548    0.1734    3.8690    1.7548    0.1643
    3.5955    1.7548    0.1512    3.3221    1.7548    0.1337
    3.0488    1.7548    0.1103    2.9122    1.7548    0.0956
    2.7757    1.7548    0.0778    2.6395    1.7548    0.0548
    2.5717    1.7548    0.0390    2.5447    1.7548    0.0302
    2.5313    1.7548    0.0247    2.5062    1.7548    0.0000
    2.5357    1.7548   -0.0202    2.5496    1.7548   -0.0240
    2.5772    1.7548   -0.0295    2.6459    1.7548   -0.0384
    2.7827    1.7548   -0.0501    2.9193    1.7548   -0.0586
    3.0557    1.7548   -0.0654    3.3285    1.7548   -0.0757
    3.6012    1.7548   -0.0832    3.8737    1.7548   -0.0884
    4.1463    1.7548   -0.0916    4.4187    1.7548   -0.0929
    4.6912    1.7548   -0.0923    4.9637    1.7548   -0.0883
    5.2363    1.7548   -0.0819    5.5089    1.7548   -0.0737
    5.7815    1.7548   -0.0643    6.0543    1.7548   -0.0539
    6.3272    1.7548   -0.0430    6.6001    1.7548   -0.0321
    6.8732    1.7548   -0.0217    7.1465    1.7548   -0.0126
    7.4198    1.7548   -0.0060    7.6933    1.7548   -0.0036
    7.9667    1.7548   -0.0114
    8.3709    2.1058   -0.0137    8.1032    2.1058    0.0082
    7.8355    2.1058    0.0298    7.5676    2.1058    0.0515
    7.2997    2.1058    0.0727    7.0316    2.1058    0.0930
    6.7634    2.1058    0.1118    6.4951    2.1058    0.1290
    6.2267    2.1058    0.1441    5.9582    2.1058    0.1568
    5.6896    2.1058    0.1668    5.4209    2.1058    0.1736
    5.1522    2.1058    0.1766    4.8835    2.1058    0.1748
    4.6148    2.1058    0.1696    4.3461    2.1058    0.1608
    4.0774    2.1058    0.1480    3.8089    2.1058    0.1309
    3.5404    2.1058    0.1081    3.4062    2.1058    0.0937
    3.2722    2.1058    0.0763    3.1384    2.1058    0.0537
    3.0717    2.1058    0.0383    3.0452    2.1058    0.0296
    3.0321    2.1058    0.0242    3.0074    2.1058    0.0000
    3.0364    2.1058   -0.0199    3.0500    2.1058   -0.0236
    3.0771    2.1058   -0.0291    3.1446    2.1058   -0.0378
    3.2790    2.1058   -0.0494    3.4132    2.1058   -0.0578
    3.5472    2.1058   -0.0645    3.8151    2.1058   -0.0748
    4.0829    2.1058   -0.0822    4.3506    2.1058   -0.0875
    4.6183    2.1058   -0.0907    4.8860    2.1058   -0.0921
    5.1536    2.1058   -0.0916    5.4212    2.1058   -0.0878
    5.6890    2.1058   -0.0817    5.9567    2.1058   -0.0738
    6.2245    2.1058   -0.0646    6.4925    2.1058   -0.0546
    6.7605    2.1058   -0.0440    7.0286    2.1058   -0.0334
    7.2969    2.1058   -0.0233    7.5653    2.1058   -0.0145
    7.8338    2.1058   -0.0081    8.1024    2.1058   -0.0059
    8.3709    2.1058   -0.0137
    8.7751    2.4568   -0.0160    8.5122    2.4568    0.0056
    8.2494    2.4568    0.0270    7.9864    2.4568    0.0484
    7.7233    2.4568    0.0693    7.4601    2.4568    0.0894
    7.1967    2.4568    0.1080    6.9333    2.4568    0.1250
    6.6698    2.4568    0.1400    6.4061    2.4568    0.1526
    6.1424    2.4568    0.1625    5.8786    2.4568    0.1693
    5.6148    2.4568    0.1724    5.3509    2.4568    0.1707
    5.0870    2.4568    0.1657    4.8232    2.4568    0.1572
    4.5594    2.4568    0.1448    4.2957    2.4568    0.1282
    4.0321    2.4568    0.1059    3.9003    2.4568    0.0918
    3.7687    2.4568    0.0748    3.6373    2.4568    0.0527
    3.5718    2.4568    0.0376    3.5458    2.4568    0.0291
    3.5329    2.4568    0.0238    3.5086    2.4568    0.0000
    3.5371    2.4568   -0.0195    3.5505    2.4568   -0.0232
    3.5771    2.4568   -0.0286    3.6433    2.4568   -0.0372
    3.7753    2.4568   -0.0486    3.9070    2.4568   -0.0569
    4.0386    2.4568   -0.0636    4.3017    2.4568   -0.0738
    4.5647    2.4568   -0.0812    4.8275    2.4568   -0.0865
    5.0904    2.4568   -0.0899    5.3532    2.4568   -0.0914
    5.6160    2.4568   -0.0910    5.8788    2.4568   -0.0874
    6.1416    2.4568   -0.0815    6.4046    2.4568   -0.0738
    6.6676    2.4568   -0.0650    6.9307    2.4568   -0.0552
    7.1939    2.4568   -0.0449    7.4571    2.4568   -0.0347
    7.7205    2.4568   -0.0249    7.9841    2.4568   -0.0164
    8.2477    2.4568   -0.0102    8.5114    2.4568   -0.0082
    8.7751    2.4568   -0.0160
    9.1793    2.8077   -0.0182    8.9213    2.8077    0.0031
    8.6633    2.8077    0.0241    8.4052    2.8077    0.0453
    8.1470    2.8077    0.0660    7.8886    2.8077    0.0859
    7.6301    2.8077    0.1043    7.3715    2.8077    0.1210
    7.1128    2.8077    0.1359    6.8540    2.8077    0.1483
    6.5952    2.8077    0.1582    6.3363    2.8077    0.1650
    6.0773    2.8077    0.1682    5.8183    2.8077    0.1667
    5.5593    2.8077    0.1619    5.3003    2.8077    0.1537
    5.0413    2.8077    0.1417    4.7825    2.8077    0.1254
    4.5237    2.8077    0.1036    4.3944    2.8077    0.0899
    4.2652    2.8077    0.0733    4.1362    2.8077    0.0517
    4.0719    2.8077    0.0368    4.0463    2.8077    0.0285
    4.0337    2.8077    0.0233    4.0098    2.8077    0.0000
    4.0377    2.8077   -0.0192    4.0509    2.8077   -0.0228
    4.0771    2.8077   -0.0281    4.1421    2.8077   -0.0365
    4.2716    2.8077   -0.0478    4.4009    2.8077   -0.0561
    4.5300    2.8077   -0.0627    4.7883    2.8077   -0.0728
    5.0464    2.8077   -0.0803    5.3044    2.8077   -0.0856
    5.5624    2.8077   -0.0890    5.8204    2.8077   -0.0906
    6.0783    2.8077   -0.0903    6.3363    2.8077   -0.0869
    6.5943    2.8077   -0.0813    6.8524    2.8077   -0.0739
    7.1106    2.8077   -0.0653    7.3688    2.8077   -0.0559
    7.6272    2.8077   -0.0459    7.8856    2.8077   -0.0360
    8.1441    2.8077   -0.0265    8.4029    2.8077   -0.0183
    8.6616    2.8077   -0.0124    8.9205    2.8077   -0.0105
    9.1793    2.8077   -0.0182
    9.5835    3.1587   -0.0205    9.3304    3.1587    0.0005
    9.0772    3.1587    0.0213    8.8239    3.1587    0.0423
    8.5706    3.1587    0.0627    8.3171    3.1587    0.0823
    8.0634    3.1587    0.1005    7.8097    3.1587    0.1171
    7.5559    3.1587    0.1317    7.3020    3.1587    0.1441
    7.0480    3.1587    0.1539    6.7939    3.1587    0.1607
    6.5398    3.1587    0.1640    6.2857    3.1587    0.1627
    6.0315    3.1587    0.1581    5.7774    3.1587    0.1501
    5.5233    3.1587    0.1385    5.2693    3.1587    0.1227
    5.0153    3.1587    0.1014    4.8884    3.1587    0.0880
    4.7616    3.1587    0.0718    4.6351    3.1587    0.0506
    4.5720    3.1587    0.0361    4.5469    3.1587    0.0280
    4.5345    3.1587    0.0229    4.5111    3.1587    0.0000
    4.5384    3.1587   -0.0188    4.5514    3.1587   -0.0224
    4.5770    3.1587   -0.0276    4.6408    3.1587   -0.0359
    4.7679    3.1587   -0.0471    4.8947    3.1587   -0.0552
    5.0215    3.1587   -0.0618    5.2749    3.1587   -0.0719
    5.5282    3.1587   -0.0793    5.7813    3.1587   -0.0846
    6.0345    3.1587   -0.0881    6.2876    3.1587   -0.0898
    6.5407    3.1587   -0.0897    6.7938    3.1587   -0.0865
    7.0470    3.1587   -0.0811    7.3003    3.1587   -0.0739
    7.5536    3.1587   -0.0657    7.8070    3.1587   -0.0565
    8.0605    3.1587   -0.0469    8.3141    3.1587   -0.0373
    8.5678    3.1587   -0.0281    8.8216    3.1587   -0.0201
    9.0755    3.1587   -0.0145    9.3296    3.1587   -0.0128
    9.5835    3.1587   -0.0205
    9.9878    3.5097   -0.0228    9.7394    3.5097   -0.0020
    9.4911    3.5097    0.0185    9.2427    3.5097    0.0392
    8.9942    3.5097    0.0593    8.7456    3.5097    0.0787
    8.4968    3.5097    0.0967    8.2479    3.5097    0.1131
    7.9990    3.5097    0.1276    7.7499    3.5097    0.1399
    7.5008    3.5097    0.1497    7.2516    3.5097    0.1564
    7.0023    3.5097    0.1598    6.7530    3.5097    0.1586
    6.5037    3.5097    0.1543    6.2545    3.5097    0.1466
    6.0052    3.5097    0.1353    5.7561    3.5097    0.1199
    5.5070    3.5097    0.0992    5.3825    3.5097    0.0861
    5.2581    3.5097    0.0703    5.1339    3.5097    0.0496
    5.0721    3.5097    0.0354    5.0475    3.5097    0.0274
    5.0353    3.5097    0.0224    5.0123    3.5097    0.0000
    5.0391    3.5097   -0.0185    5.0518    3.5097   -0.0219
    5.0770    3.5097   -0.0271    5.1395    3.5097   -0.0353
    5.2642    3.5097   -0.0463    5.3886    3.5097   -0.0543
    5.5129    3.5097   -0.0609    5.7615    3.5097   -0.0709
    6.0099    3.5097   -0.0783    6.2582    3.5097   -0.0837
    6.5065    3.5097   -0.0872    6.7548    3.5097   -0.0890
    7.0031    3.5097   -0.0890    7.2514    3.5097   -0.0860
    7.4997    3.5097   -0.0808    7.7481    3.5097   -0.0740
    7.9966    3.5097   -0.0660    8.2452    3.5097   -0.0572
    8.4938    3.5097   -0.0479    8.7425    3.5097   -0.0386
    8.9914    3.5097   -0.0297    9.2404    3.5097   -0.0220
    9.4895    3.5097   -0.0166    9.7387    3.5097   -0.0151
    9.9878    3.5097   -0.0228
   10.3920    3.8606   -0.0251   10.1485    3.8606   -0.0046
    9.9050    3.8606    0.0157    9.6615    3.8606    0.0361
    9.4178    3.8606    0.0560    9.1741    3.8606    0.0751
    8.9301    3.8606    0.0929    8.6861    3.8606    0.1091
    8.4420    3.8606    0.1235    8.1978    3.8606    0.1357
    7.9536    3.8606    0.1454    7.7092    3.8606    0.1522
    7.4648    3.8606    0.1555    7.2204    3.8606    0.1546
    6.9760    3.8606    0.1504    6.7316    3.8606    0.1431
    6.4871    3.8606    0.1321    6.2429    3.8606    0.1172
    5.9986    3.8606    0.0970    5.8765    3.8606    0.0843
    5.7546    3.8606    0.0688    5.6328    3.8606    0.0486
    5.5722    3.8606    0.0347    5.5480    3.8606    0.0269
    5.5360    3.8606    0.0220    5.5135    3.8606    0.0000
    5.5398    3.8606   -0.0181    5.5523    3.8606   -0.0215
    5.5769    3.8606   -0.0266    5.6383    3.8606   -0.0347
    5.7605    3.8606   -0.0455    5.8825    3.8606   -0.0535
    6.0044    3.8606   -0.0599    6.2480    3.8606   -0.0699
    6.4916    3.8606   -0.0773    6.7351    3.8606   -0.0827
    6.9786    3.8606   -0.0863    7.2220    3.8606   -0.0882
    7.4654    3.8606   -0.0884    7.7089    3.8606   -0.0856
    7.9524    3.8606   -0.0806    8.1960    3.8606   -0.0741
    8.4396    3.8606   -0.0664    8.6833    3.8606   -0.0578
    8.9272    3.8606   -0.0488    9.1710    3.8606   -0.0399
    9.4150    3.8606   -0.0313    9.6592    3.8606   -0.0239
    9.9034    3.8606   -0.0187   10.1477    3.8606   -0.0173
   10.3920    3.8606   -0.0251
   10.7962    4.2116   -0.0274   10.5575    4.2116   -0.0071
   10.3190    4.2116    0.0129   10.0802    4.2116    0.0330
    9.8415    4.2116    0.0527    9.6025    4.2116    0.0715
    9.3635    4.2116    0.0891    9.1243    4.2116    0.1051
    8.8851    4.2116    0.1194    8.6458    4.2116    0.1314
    8.4064    4.2116    0.1411    8.1669    4.2116    0.1479
    7.9274    4.2116    0.1513    7.6878    4.2116    0.1505
    7.4482    4.2116    0.1466    7.2087    4.2116    0.1395
    6.9691    4.2116    0.1289    6.7296    4.2116    0.1145
    6.4903    4.2116    0.0948    6.3706    4.2116    0.0824
    6.2511    4.2116    0.0673    6.1317    4.2116    0.0475
    6.0722    4.2116    0.0340    6.0486    4.2116    0.0263
    6.0368    4.2116    0.0215    6.0148    4.2116    0.0000
    6.0405    4.2116   -0.0178    6.0527    4.2116   -0.0211
    6.0769    4.2116   -0.0261    6.1370    4.2116   -0.0341
    6.2567    4.2116   -0.0448    6.3763    4.2116   -0.0526
    6.4958    4.2116   -0.0590    6.7346    4.2116   -0.0689
    6.9734    4.2116   -0.0763    7.2120    4.2116   -0.0818
    7.4506    4.2116   -0.0854    7.6892    4.2116   -0.0875
    7.9278    4.2116   -0.0877    8.1664    4.2116   -0.0851
    8.4051    4.2116   -0.0804    8.6438    4.2116   -0.0741
    8.8826    4.2116   -0.0667    9.1215    4.2116   -0.0585
    9.3605    4.2116   -0.0498    9.5995    4.2116   -0.0411
    9.8387    4.2116   -0.0329   10.0780    4.2116   -0.0258
   10.3173    4.2116   -0.0209   10.5568    4.2116   -0.0196
   10.7962    4.2116   -0.0274
   11.2004    4.5626   -0.0296   10.9666    4.5626   -0.0097
   10.7329    4.5626    0.0101   10.4990    4.5626    0.0299
   10.2651    4.5626    0.0493   10.0310    4.5626    0.0680
    9.7968    4.5626    0.0853    9.5625    4.5626    0.1012
    9.3282    4.5626    0.1152    9.0937    4.5626    0.1272
    8.8592    4.5626    0.1368    8.6245    4.5626    0.1436
    8.3899    4.5626    0.1471    8.1552    4.5626    0.1465
    7.9205    4.5626    0.1428    7.6858    4.5626    0.1360
    7.4510    4.5626    0.1257    7.2164    4.5626    0.1117
    6.9819    4.5626    0.0926    6.8647    4.5626    0.0805
    6.7476    4.5626    0.0658    6.6306    4.5626    0.0465
    6.5723    4.5626    0.0332    6.5491    4.5626    0.0258
    6.5376    4.5626    0.0211    6.5160    4.5626    0.0000
    6.5412    4.5626   -0.0174    6.5532    4.5626   -0.0207
    6.5768    4.5626   -0.0256    6.6357    4.5626   -0.0334
    6.7530    4.5626   -0.0440    6.8702    4.5626   -0.0518
    6.9872    4.5626   -0.0581    7.2212    4.5626   -0.0680
    7.4551    4.5626   -0.0754    7.6889    4.5626   -0.0808
    7.9227    4.5626   -0.0846    8.1564    4.5626   -0.0867
    8.3902    4.5626   -0.0871    8.6239    4.5626   -0.0847
    8.8578    4.5626   -0.0802    9.0917    4.5626   -0.0742
    9.3256    4.5626   -0.0670    9.5597    4.5626   -0.0591
    9.7938    4.5626   -0.0508   10.0280    4.5626   -0.0424
   10.2623    4.5626   -0.0345   10.4968    4.5626   -0.0277
   10.7313    4.5626   -0.0230   10.9659    4.5626   -0.0219
   11.2004    4.5626   -0.0296
   11.6046    4.9135   -0.0319   11.3757    4.9135   -0.0122
   11.1468    4.9135    0.0073   10.9178    4.9135    0.0269
   10.6887    4.9135    0.0460   10.4595    4.9135    0.0644
   10.2302    4.9135    0.0815   10.0008    4.9135    0.0972
    9.7712    4.9135    0.1111    9.5416    4.9135    0.1230
    9.3119    4.9135    0.1325    9.0822    4.9135    0.1393
    8.8524    4.9135    0.1429    8.6225    4.9135    0.1424
    8.3927    4.9135    0.1390    8.1628    4.9135    0.1325
    7.9330    4.9135    0.1226    7.7032    4.9135    0.1090
    7.4735    4.9135    0.0904    7.3587    4.9135    0.0786
    7.2440    4.9135    0.0642    7.1295    4.9135    0.0455
    7.0724    4.9135    0.0325    7.0497    4.9135    0.0252
    7.0384    4.9135    0.0206    7.0172    4.9135    0.0000
    7.0419    4.9135   -0.0171    7.0536    4.9135   -0.0203
    7.0768    4.9135   -0.0251    7.1344    4.9135   -0.0328
    7.2493    4.9135   -0.0432    7.3641    4.9135   -0.0509
    7.4787    4.9135   -0.0572    7.7078    4.9135   -0.0670
    7.9368    4.9135   -0.0744    8.1658    4.9135   -0.0799
    8.3947    4.9135   -0.0837    8.6236    4.9135   -0.0859
    8.8525    4.9135   -0.0864    9.0815    4.9135   -0.0842
    9.3105    4.9135   -0.0800    9.5395    4.9135   -0.0742
    9.7686    4.9135   -0.0674    9.9978    4.9135   -0.0598
   10.2271    4.9135   -0.0517   10.4565    4.9135   -0.0437
   10.6859    4.9135   -0.0361   10.9156    4.9135   -0.0296
   11.1452    4.9135   -0.0251   11.3749    4.9135   -0.0242
   11.6046    4.9135   -0.0319
   12.0088    5.2645   -0.0342   11.7847    5.2645   -0.0148
   11.5607    5.2645    0.0044   11.3366    5.2645    0.0238
   11.1123    5.2645    0.0426   10.8880    5.2645    0.0608
   10.6635    5.2645    0.0777   10.4390    5.2645    0.0932
   10.2143    5.2645    0.1070    9.9896    5.2645    0.1187
    9.7647    5.2645    0.1283    9.5399    5.2645    0.1351
    9.3149    5.2645    0.1387    9.0899    5.2645    0.1384
    8.8649    5.2645    0.1351    8.6399    5.2645    0.1289
    8.4149    5.2645    0.1194    8.1900    5.2645    0.1062
    7.9652    5.2645    0.0882    7.8528    5.2645    0.0767
    7.7405    5.2645    0.0627    7.6284    5.2645    0.0444
    7.5725    5.2645    0.0318    7.5503    5.2645    0.0246
    7.5392    5.2645    0.0202    7.5185    5.2645    0.0000
    7.5426    5.2645   -0.0168    7.5541    5.2645   -0.0199
    7.5767    5.2645   -0.0246    7.6332    5.2645   -0.0322
    7.7456    5.2645   -0.0425    7.8579    5.2645   -0.0501
    7.9701    5.2645   -0.0563    8.1944    5.2645   -0.0660
    8.4186    5.2645   -0.0734    8.6427    5.2645   -0.0789
    8.8668    5.2645   -0.0828    9.0908    5.2645   -0.0851
    9.3149    5.2645   -0.0858    9.5390    5.2645   -0.0838
    9.7632    5.2645   -0.0798    9.9874    5.2645   -0.0743
   10.2116    5.2645   -0.0677   10.4360    5.2645   -0.0605
   10.6605    5.2645   -0.0527   10.8850    5.2645   -0.0450
   11.1096    5.2645   -0.0377   11.3343    5.2645   -0.0315
   11.5591    5.2645   -0.0273   11.7840    5.2645   -0.0265
   12.0088    5.2645   -0.0342
   12.4130    5.6155   -0.0365   12.1938    5.6155   -0.0173
   11.9746    5.6155    0.0016   11.7553    5.6155    0.0207
   11.5360    5.6155    0.0393   11.3165    5.6155    0.0572
   11.0969    5.6155    0.0739   10.8772    5.6155    0.0892
   10.6574    5.6155    0.1029   10.4375    5.6155    0.1145
   10.2175    5.6155    0.1240    9.9975    5.6155    0.1308
    9.7774    5.6155    0.1345    9.5573    5.6155    0.1343
    9.3372    5.6155    0.1313    9.1170    5.6155    0.1254
    8.8969    5.6155    0.1162    8.6768    5.6155    0.1035
    8.4568    5.6155    0.0860    8.3469    5.6155    0.0749
    8.2370    5.6155    0.0612    8.1273    5.6155    0.0434
    8.0726    5.6155    0.0311    8.0508    5.6155    0.0241
    8.0400    5.6155    0.0197    8.0197    5.6155    0.0000
    8.0433    5.6155   -0.0164    8.0545    5.6155   -0.0195
    8.0767    5.6155   -0.0241    8.1319    5.6155   -0.0316
    8.2419    5.6155   -0.0417    8.3518    5.6155   -0.0492
    8.4615    5.6155   -0.0554    8.6810    5.6155   -0.0651
    8.9003    5.6155   -0.0724    9.1196    5.6155   -0.0780
    9.3388    5.6155   -0.0819    9.5580    5.6155   -0.0843
    9.7773    5.6155   -0.0852    9.9965    5.6155   -0.0833
   10.2158    5.6155   -0.0796   10.4352    5.6155   -0.0743
   10.6546    5.6155   -0.0681   10.8742    5.6155   -0.0611
   11.0938    5.6155   -0.0537   11.3134    5.6155   -0.0463
   11.5332    5.6155   -0.0393   11.7531    5.6155   -0.0333
   11.9731    5.6155   -0.0294   12.1931    5.6155   -0.0288
   12.4130    5.6155   -0.0365
   12.8172    5.9664   -0.0388   12.6029    5.9664   -0.0199
   12.3885    5.9664   -0.0012   12.1741    5.9664    0.0176
   11.9596    5.9664    0.0360   11.7450    5.9664    0.0537
   11.5302    5.9664    0.0701   11.3154    5.9664    0.0853
   11.1005    5.9664    0.0987   10.8854    5.9664    0.1103
   10.6703    5.9664    0.1197   10.4552    5.9664    0.1265
   10.2399    5.9664    0.1303   10.0247    5.9664    0.1303
    9.8094    5.9664    0.1275    9.5941    5.9664    0.1218
    9.3788    5.9664    0.1130    9.1636    5.9664    0.1007
    8.9485    5.9664    0.0838    8.8409    5.9664    0.0730
    8.7335    5.9664    0.0597    8.6261    5.9664    0.0424
    8.5727    5.9664    0.0303    8.5514    5.9664    0.0235
    8.5408    5.9664    0.0193    8.5209    5.9664    0.0000
    8.5440    5.9664   -0.0161    8.5550    5.9664   -0.0191
    8.5767    5.9664   -0.0236    8.6306    5.9664   -0.0310
    8.7382    5.9664   -0.0409    8.8457    5.9664   -0.0484
    8.9530    5.9664   -0.0545    9.1676    5.9664   -0.0641
    9.3821    5.9664   -0.0714    9.5965    5.9664   -0.0770
    9.8109    5.9664   -0.0810   10.0252    5.9664   -0.0835
   10.2396    5.9664   -0.0845   10.4541    5.9664   -0.0829
   10.6685    5.9664   -0.0793   10.8831    5.9664   -0.0744
   11.0977    5.9664   -0.0684   11.3123    5.9664   -0.0618
   11.5271    5.9664   -0.0547   11.7419    5.9664   -0.0476
   11.9568    5.9664   -0.0409   12.1719    5.9664   -0.0352
   12.3870    5.9664   -0.0315   12.6022    5.9664   -0.0311
   12.8172    5.9664   -0.0388
   13.2214    6.3174   -0.0410   13.0119    6.3174   -0.0224
   12.8025    6.3174   -0.0040   12.5929    6.3174    0.0145
   12.3832    6.3174    0.0326   12.1735    6.3174    0.0501
   11.9635    6.3174    0.0663   11.7536    6.3174    0.0813
   11.5435    6.3174    0.0946   11.3334    6.3174    0.1061
   11.1231    6.3174    0.1154   10.9128    6.3174    0.1222
   10.7025    6.3174    0.1261   10.4921    6.3174    0.1262
   10.2816    6.3174    0.1237   10.0712    6.3174    0.1183
    9.8608    6.3174    0.1098    9.6504    6.3174    0.0980
    9.4401    6.3174    0.0816    9.3350    6.3174    0.0711
    9.2299    6.3174    0.0582    9.1250    6.3174    0.0413
    9.0728    6.3174    0.0296    9.0519    6.3174    0.0230
    9.0416    6.3174    0.0188    9.0222    6.3174    0.0000
    9.0447    6.3174   -0.0157    9.0554    6.3174   -0.0187
    9.0766    6.3174   -0.0231    9.1294    6.3174   -0.0304
    9.2345    6.3174   -0.0402    9.3395    6.3174   -0.0475
    9.4444    6.3174   -0.0536    9.6541    6.3174   -0.0631
    9.8638    6.3174   -0.0704   10.0734    6.3174   -0.0761
   10.2829    6.3174   -0.0802   10.4925    6.3174   -0.0828
   10.7020    6.3174   -0.0839   10.9116    6.3174   -0.0824
   11.1212    6.3174   -0.0791   11.3309    6.3174   -0.0744
   11.5407    6.3174   -0.0688   11.7505    6.3174   -0.0624
   11.9604    6.3174   -0.0556   12.1704    6.3174   -0.0489
   12.3805    6.3174   -0.0425   12.5907    6.3174   -0.0371
   12.8009    6.3174   -0.0336   13.0112    6.3174   -0.0334
   13.2214    6.3174   -0.0410
   13.6257    6.6683   -0.0433   13.4210    6.6683   -0.0250
   13.2164    6.6683   -0.0068   13.0116    6.6683    0.0115
   12.8069    6.6683    0.0293   12.6019    6.6683    0.0465
   12.3969    6.6683    0.0625   12.1918    6.6683    0.0773
   11.9866    6.6683    0.0905   11.7813    6.6683    0.1018
   11.5759    6.6683    0.1111   11.3705    6.6683    0.1180
   11.1650    6.6683    0.1219   10.9594    6.6683    0.1222
   10.7539    6.6683    0.1198   10.5483    6.6683    0.1148
   10.3427    6.6683    0.1067   10.1372    6.6683    0.0952
    9.9318    6.6683    0.0794    9.8290    6.6683    0.0692
    9.7264    6.6683    0.0567    9.6239    6.6683    0.0403
    9.5728    6.6683    0.0289    9.5525    6.6683    0.0224
    9.5424    6.6683    0.0184    9.5234    6.6683    0.0000
    9.5454    6.6683   -0.0154    9.5559    6.6683   -0.0183
    9.5766    6.6683   -0.0227    9.6281    6.6683   -0.0297
    9.7308    6.6683   -0.0394    9.8334    6.6683   -0.0467
    9.9359    6.6683   -0.0526   10.1407    6.6683   -0.0621
   10.3455    6.6683   -0.0695   10.5502    6.6683   -0.0751
   10.7550    6.6683   -0.0793   10.9597    6.6683   -0.0820
   11.1644    6.6683   -0.0832   11.3691    6.6683   -0.0820
   11.5739    6.6683   -0.0789   11.7788    6.6683   -0.0745
   11.9837    6.6683   -0.0691   12.1887    6.6683   -0.0631
   12.3938    6.6683   -0.0566   12.5989    6.6683   -0.0502
   12.8041    6.6683   -0.0441   13.0095    6.6683   -0.0390
   13.2148    6.6683   -0.0358   13.4203    6.6683   -0.0357
   13.6257    6.6683   -0.0433
   13.6834    7.0248   -0.0420   13.4888    7.0248   -0.0245
   13.2942    7.0248   -0.0072   13.0995    7.0248    0.0102
   12.9048    7.0248    0.0272   12.7099    7.0248    0.0436
   12.5149    7.0248    0.0589   12.3199    7.0248    0.0730
   12.1248    7.0248    0.0856   11.9295    7.0248    0.0964
   11.7342    7.0248    0.1053   11.5389    7.0248    0.1118
   11.3435    7.0248    0.1156   11.1480    7.0248    0.1159
   10.9525    7.0248    0.1137   10.7570    7.0248    0.1089
   10.5615    7.0248    0.1013   10.3661    7.0248    0.0904
   10.1707    7.0248    0.0754   10.0730    7.0248    0.0657
    9.9754    7.0248    0.0539    9.8780    7.0248    0.0383
    9.8294    7.0248    0.0275    9.8101    7.0248    0.0213
    9.8005    7.0248    0.0175    9.7824    7.0248    0.0000
    9.8033    7.0248   -0.0146    9.8132    7.0248   -0.0174
    9.8329    7.0248   -0.0216    9.8819    7.0248   -0.0283
    9.9796    7.0248   -0.0375   10.0772    7.0248   -0.0444
   10.1746    7.0248   -0.0501   10.3694    7.0248   -0.0592
   10.5642    7.0248   -0.0662   10.7588    7.0248   -0.0716
   10.9535    7.0248   -0.0756   11.1482    7.0248   -0.0783
   11.3428    7.0248   -0.0795   11.5375    7.0248   -0.0783
   11.7323    7.0248   -0.0755   11.9271    7.0248   -0.0713
   12.1220    7.0248   -0.0662   12.3169    7.0248   -0.0605
   12.5119    7.0248   -0.0544   12.7070    7.0248   -0.0483
   12.9022    7.0248   -0.0426   13.0974    7.0248   -0.0378
   13.2927    7.0248   -0.0348   13.4881    7.0248   -0.0348
   13.6834    7.0248   -0.0420
   13.7411    7.3813   -0.0407   13.5566    7.3813   -0.0241
   13.3720    7.3813   -0.0076   13.1874    7.3813    0.0089
   13.0027    7.3813    0.0251   12.8179    7.3813    0.0407
   12.6330    7.3813    0.0552   12.4480    7.3813    0.0686
   12.2629    7.3813    0.0806   12.0778    7.3813    0.0909
   11.8926    7.3813    0.0994   11.7073    7.3813    0.1056
   11.5219    7.3813    0.1093   11.3366    7.3813    0.1096
   11.1512    7.3813    0.1076   10.9658    7.3813    0.1031
   10.7803    7.3813    0.0959   10.5950    7.3813    0.0856
   10.4097    7.3813    0.0714   10.3170    7.3813    0.0623
   10.2245    7.3813    0.0511   10.1320    7.3813    0.0363
   10.0860    7.3813    0.0260   10.0676    7.3813    0.0202
   10.0585    7.3813    0.0166   10.0414    7.3813    0.0000
   10.0612    7.3813   -0.0139   10.0706    7.3813   -0.0165
   10.0893    7.3813   -0.0205   10.1358    7.3813   -0.0269
   10.2284    7.3813   -0.0356   10.3209    7.3813   -0.0422
   10.4133    7.3813   -0.0476   10.5981    7.3813   -0.0563
   10.7828    7.3813   -0.0630   10.9674    7.3813   -0.0682
   11.1521    7.3813   -0.0720   11.3367    7.3813   -0.0745
   11.5213    7.3813   -0.0757   11.7060    7.3813   -0.0747
   11.8907    7.3813   -0.0720   12.0754    7.3813   -0.0681
   12.2602    7.3813   -0.0634   12.4451    7.3813   -0.0580
   12.6301    7.3813   -0.0522   12.8151    7.3813   -0.0465
   13.0002    7.3813   -0.0411   13.1854    7.3813   -0.0366
   13.3706    7.3813   -0.0338   13.5559    7.3813   -0.0338
   13.7411    7.3813   -0.0407
   13.7989    7.7377   -0.0395   13.6244    7.7377   -0.0237
   13.4499    7.7377   -0.0081   13.2753    7.7377    0.0076
   13.1006    7.7377    0.0230   12.9259    7.7377    0.0378
   12.7510    7.7377    0.0516   12.5761    7.7377    0.0643
   12.4011    7.7377    0.0757   12.2260    7.7377    0.0855
   12.0509    7.7377    0.0935   11.8757    7.7377    0.0995
   11.7004    7.7377    0.1030   11.5251    7.7377    0.1033
   11.3498    7.7377    0.1015   11.1745    7.7377    0.0972
   10.9992    7.7377    0.0905   10.8239    7.7377    0.0808
   10.6486    7.7377    0.0675   10.5610    7.7377    0.0588
   10.4735    7.7377    0.0483   10.3861    7.7377    0.0343
   10.3425    7.7377    0.0246   10.3252    7.7377    0.0191
   10.3166    7.7377    0.0156   10.3003    7.7377    0.0000
   10.3191    7.7377   -0.0131   10.3280    7.7377   -0.0156
   10.3457    7.7377   -0.0193   10.3896    7.7377   -0.0254
   10.4772    7.7377   -0.0337   10.5647    7.7377   -0.0400
   10.6521    7.7377   -0.0451   10.8268    7.7377   -0.0534
   11.0015    7.7377   -0.0598   11.1760    7.7377   -0.0647
   11.3506    7.7377   -0.0684   11.5252    7.7377   -0.0708
   11.6998    7.7377   -0.0720   11.8744    7.7377   -0.0710
   12.0491    7.7377   -0.0686   12.2238    7.7377   -0.0649
   12.3985    7.7377   -0.0605   12.5734    7.7377   -0.0554
   12.7483    7.7377   -0.0500   12.9232    7.7377   -0.0447
   13.0982    7.7377   -0.0396   13.2734    7.7377   -0.0354
   13.4485    7.7377   -0.0328   13.6238    7.7377   -0.0328
   13.7989    7.7377   -0.0395
   13.8566    8.0942   -0.0382   13.6921    8.0942   -0.0233
   13.5277    8.0942   -0.0085   13.3631    8.0942    0.0064
   13.1985    8.0942    0.0209   13.0339    8.0942    0.0349
   12.8691    8.0942    0.0479   12.7042    8.0942    0.0600
   12.5393    8.0942    0.0707   12.3743    8.0942    0.0800
   12.2092    8.0942    0.0876   12.0441    8.0942    0.0933
   11.8789    8.0942    0.0966   11.7137    8.0942    0.0970
   11.5485    8.0942    0.0953   11.3832    8.0942    0.0914
   11.2180    8.0942    0.0851   11.0528    8.0942    0.0760
   10.8876    8.0942    0.0635   10.8050    8.0942    0.0554
   10.7226    8.0942    0.0454   10.6402    8.0942    0.0323
   10.5991    8.0942    0.0232   10.5827    8.0942    0.0180
   10.5746    8.0942    0.0147   10.5593    8.0942    0.0000
   10.5770    8.0942   -0.0124   10.5854    8.0942   -0.0147
   10.6020    8.0942   -0.0182   10.6435    8.0942   -0.0240
   10.7260    8.0942   -0.0319   10.8084    8.0942   -0.0378
   10.8908    8.0942   -0.0427   11.0555    8.0942   -0.0504
   11.2201    8.0942   -0.0565   11.3846    8.0942   -0.0612
   11.5492    8.0942   -0.0647   11.7137    8.0942   -0.0671
   11.8783    8.0942   -0.0682   12.0428    8.0942   -0.0674
   12.2074    8.0942   -0.0651   12.3721    8.0942   -0.0617
   12.5368    8.0942   -0.0576   12.7016    8.0942   -0.0529
   12.8664    8.0942   -0.0479   13.0313    8.0942   -0.0429
   13.1963    8.0942   -0.0381   13.3613    8.0942   -0.0342
   13.5264    8.0942   -0.0318   13.6916    8.0942   -0.0319
   13.8566    8.0942   -0.0382
   13.9144    8.4506   -0.0369   13.7599    8.4506   -0.0228
   13.6055    8.4506   -0.0089   13.4510    8.4506    0.0051
   13.2965    8.4506    0.0188   13.1418    8.4506    0.0319
   12.9871    8.4506    0.0443   12.8323    8.4506    0.0556
   12.6775    8.4506    0.0658   12.5225    8.4506    0.0746
   12.3675    8.4506    0.0818   12.2125    8.4506    0.0871
   12.0574    8.4506    0.0903   11.9023    8.4506    0.0908
   11.7471    8.4506    0.0892   11.5920    8.4506    0.0856
   11.4368    8.4506    0.0797   11.2817    8.4506    0.0712
   11.1266    8.4506    0.0595   11.0490    8.4506    0.0519
   10.9716    8.4506    0.0426   10.8942    8.4506    0.0303
   10.8556    8.4506    0.0218   10.8403    8.4506    0.0169
   10.8327    8.4506    0.0138   10.8183    8.4506    0.0000
   10.8349    8.4506   -0.0116   10.8428    8.4506   -0.0138
   10.8584    8.4506   -0.0171   10.8973    8.4506   -0.0225
   10.9748    8.4506   -0.0300   11.0522    8.4506   -0.0355
   11.1295    8.4506   -0.0402   11.2842    8.4506   -0.0475
   11.4387    8.4506   -0.0533   11.5932    8.4506   -0.0577
   11.7477    8.4506   -0.0611   11.9022    8.4506   -0.0633
   12.0567    8.4506   -0.0645   12.2112    8.4506   -0.0637
   12.3658    8.4506   -0.0617   12.5204    8.4506   -0.0585
   12.6751    8.4506   -0.0547   12.8298    8.4506   -0.0503
   12.9846    8.4506   -0.0457   13.1394    8.4506   -0.0410
   13.2943    8.4506   -0.0366   13.4493    8.4506   -0.0330
   13.6043    8.4506   -0.0308   13.7594    8.4506   -0.0309
   13.9144    8.4506   -0.0369
   13.9721    8.8071   -0.0356   13.8277    8.8071   -0.0224
   13.6833    8.8071   -0.0093   13.5389    8.8071    0.0038
   13.3944    8.8071    0.0166   13.2498    8.8071    0.0290
   13.1051    8.8071    0.0406   12.9604    8.8071    0.0513
   12.8156    8.8071    0.0608   12.6708    8.8071    0.0691
   12.5258    8.8071    0.0759   12.3809    8.8071    0.0810
   12.2359    8.8071    0.0840   12.0908    8.8071    0.0845
   11.9458    8.8071    0.0831   11.8007    8.8071    0.0797
   11.6556    8.8071    0.0743   11.5106    8.8071    0.0664
   11.3655    8.8071    0.0555   11.2930    8.8071    0.0485
   11.2206    8.8071    0.0398   11.1483    8.8071    0.0283
   11.1122    8.8071    0.0203   11.0979    8.8071    0.0158
   11.0907    8.8071    0.0129   11.0773    8.8071    0.0000
   11.0928    8.8071   -0.0109   11.1002    8.8071   -0.0129
   11.1148    8.8071   -0.0160   11.1511    8.8071   -0.0211
   11.2236    8.8071   -0.0281   11.2960    8.8071   -0.0333
   11.3683    8.8071   -0.0377   11.5128    8.8071   -0.0446
   11.6574    8.8071   -0.0500   11.8018    8.8071   -0.0543
   11.9463    8.8071   -0.0575   12.0907    8.8071   -0.0596
   12.2352    8.8071   -0.0607   12.3797    8.8071   -0.0601
   12.5242    8.8071   -0.0582   12.6688    8.8071   -0.0553
   12.8134    8.8071   -0.0518   12.9580    8.8071   -0.0478
   13.1028    8.8071   -0.0435   13.2475    8.8071   -0.0392
   13.3924    8.8071   -0.0351   13.5373    8.8071   -0.0318
   13.6822    8.8071   -0.0298   13.8272    8.8071   -0.0300
   13.9721    8.8071   -0.0356
   14.0299    9.1635   -0.0343   13.8955    9.1635   -0.0220
   13.7612    9.1635   -0.0098   13.6268    9.1635    0.0025
   13.4923    9.1635    0.0145   13.3578    9.1635    0.0261
   13.2232    9.1635    0.0369   13.0885    9.1635    0.0469
   12.9538    9.1635    0.0559   12.8190    9.1635    0.0636
   12.6842    9.1635    0.0700   12.5493    9.1635    0.0748
   12.4143    9.1635    0.0777   12.2794    9.1635    0.0782
   12.1444    9.1635    0.0769   12.0094    9.1635    0.0739
   11.8744    9.1635    0.0689   11.7395    9.1635    0.0617
   11.6045    9.1635    0.0515   11.5371    9.1635    0.0450
   11.4697    9.1635    0.0370   11.4023    9.1635    0.0263
   11.3688    9.1635    0.0189   11.3554    9.1635    0.0147
   11.3488    9.1635    0.0120   11.3363    9.1635    0.0000
   11.3507    9.1635   -0.0101   11.3575    9.1635   -0.0121
   11.3711    9.1635   -0.0149   11.4050    9.1635   -0.0197
   11.4724    9.1635   -0.0262   11.5397    9.1635   -0.0311
   11.6070    9.1635   -0.0352   11.7415    9.1635   -0.0417
   11.8760    9.1635   -0.0468   12.0104    9.1635   -0.0508
   12.1448    9.1635   -0.0538   12.2792    9.1635   -0.0559
   12.4137    9.1635   -0.0570   12.5481    9.1635   -0.0565
   12.6826    9.1635   -0.0548   12.8171    9.1635   -0.0521
   12.9516    9.1635   -0.0489   13.0863    9.1635   -0.0452
   13.2209    9.1635   -0.0413   13.3556    9.1635   -0.0374
   13.4904    9.1635   -0.0337   13.6253    9.1635   -0.0306
   13.7601    9.1635   -0.0288   13.8950    9.1635   -0.0290
   14.0299    9.1635   -0.0343
   14.0876    9.5200   -0.0330   13.9633    9.5200   -0.0215
   13.8390    9.5200   -0.0102   13.7146    9.5200    0.0013
   13.5902    9.5200    0.0124   13.4658    9.5200    0.0232
   13.3412    9.5200    0.0333   13.2166    9.5200    0.0426
   13.0920    9.5200    0.0510   12.9672    9.5200    0.0582
   12.8425    9.5200    0.0642   12.7177    9.5200    0.0686
   12.5928    9.5200    0.0714   12.4679    9.5200    0.0719
   12.3430    9.5200    0.0708   12.2181    9.5200    0.0680
   12.0932    9.5200    0.0635   11.9683    9.5200    0.0569
   11.8435    9.5200    0.0476   11.7811    9.5200    0.0415
   11.7187    9.5200    0.0341   11.6564    9.5200    0.0243
   11.6253    9.5200    0.0175   11.6130    9.5200    0.0136
   11.6068    9.5200    0.0111   11.5952    9.5200    0.0000
   11.6086    9.5200   -0.0094   11.6149    9.5200   -0.0112
   11.6275    9.5200   -0.0138   11.6588    9.5200   -0.0182
   11.7212    9.5200   -0.0243   11.7835    9.5200   -0.0289
   11.8458    9.5200   -0.0327   11.9702    9.5200   -0.0388
   12.0946    9.5200   -0.0436   12.2190    9.5200   -0.0473
   12.3434    9.5200   -0.0502   12.4677    9.5200   -0.0522
   12.5921    9.5200   -0.0532   12.7165    9.5200   -0.0528
   12.8410    9.5200   -0.0513   12.9654    9.5200   -0.0490
   13.0899    9.5200   -0.0460   13.2145    9.5200   -0.0427
   13.3391    9.5200   -0.0391   13.4637    9.5200   -0.0355
   13.5885    9.5200   -0.0322   13.7132    9.5200   -0.0294
   13.8380    9.5200   -0.0278   13.9628    9.5200   -0.0281
   14.0876    9.5200   -0.0330
   14.1453    9.8765   -0.0317   14.0311    9.8765   -0.0211
   13.9168    9.8765   -0.0106   13.8025    9.8765   -0.0000
   13.6882    9.8765    0.0103   13.5737    9.8765    0.0203
   13.4592    9.8765    0.0296   13.3447    9.8765    0.0383
   13.2301    9.8765    0.0460   13.1155    9.8765    0.0527
   13.0008    9.8765    0.0583   12.8861    9.8765    0.0625
   12.7713    9.8765    0.0651   12.6565    9.8765    0.0656
   12.5417    9.8765    0.0647   12.4269    9.8765    0.0622
   12.3120    9.8765    0.0581   12.1972    9.8765    0.0521
   12.0824    9.8765    0.0436   12.0251    9.8765    0.0381
   11.9677    9.8765    0.0313   11.9104    9.8765    0.0223
   11.8819    9.8765    0.0160   11.8705    9.8765    0.0125
   11.8649    9.8765    0.0102   11.8542    9.8765    0.0000
   11.8665    9.8765   -0.0086   11.8723    9.8765   -0.0103
   11.8839    9.8765   -0.0127   11.9126    9.8765   -0.0168
   11.9700    9.8765   -0.0224   12.0273    9.8765   -0.0266
   12.0845    9.8765   -0.0302   12.1989    9.8765   -0.0358
   12.3133    9.8765   -0.0403   12.4276    9.8765   -0.0438
   12.5419    9.8765   -0.0465   12.6563    9.8765   -0.0484
   12.7706    9.8765   -0.0495   12.8849    9.8765   -0.0492
   12.9993    9.8765   -0.0478   13.1138    9.8765   -0.0458
   13.2282    9.8765   -0.0431   13.3427    9.8765   -0.0401
   13.4573    9.8765   -0.0369   13.5718    9.8765   -0.0337
   13.6865    9.8765   -0.0307   13.8012    9.8765   -0.0282
   13.9159    9.8765   -0.0268   14.0307    9.8765   -0.0271
   14.1453    9.8765   -0.0317
   14.2031   10.2329   -0.0305   14.0989   10.2329   -0.0207
   13.9946   10.2329   -0.0110   13.8904   10.2329   -0.0013
   13.7861   10.2329    0.0082   13.6817   10.2329    0.0174
   13.5773   10.2329    0.0260   13.4728   10.2329    0.0339
   13.3683   10.2329    0.0411   13.2637   10.2329    0.0473
   13.1591   10.2329    0.0524   13.0545   10.2329    0.0563
   12.9498   10.2329    0.0588   12.8451   10.2329    0.0593
   12.7403   10.2329    0.0585   12.6356   10.2329    0.0564
   12.5308   10.2329    0.0527   12.4261   10.2329    0.0473
   12.3214   10.2329    0.0396   12.2691   10.2329    0.0346
   12.2168   10.2329    0.0285   12.1645   10.2329    0.0203
   12.1385   10.2329    0.0146   12.1281   10.2329    0.0114
   12.1229   10.2329    0.0093   12.1132   10.2329    0.0000
   12.1244   10.2329   -0.0079   12.1297   10.2329   -0.0094
   12.1402   10.2329   -0.0116   12.1665   10.2329   -0.0154
   12.2188   10.2329   -0.0205   12.2710   10.2329   -0.0244
   12.3232   10.2329   -0.0277   12.4276   10.2329   -0.0329
   12.5319   10.2329   -0.0371   12.6362   10.2329   -0.0404
   12.7405   10.2329   -0.0429   12.8448   10.2329   -0.0447
   12.9491   10.2329   -0.0458   13.0534   10.2329   -0.0455
   13.1577   10.2329   -0.0444   13.2621   10.2329   -0.0426
   13.3665   10.2329   -0.0403   13.4709   10.2329   -0.0376
   13.5754   10.2329   -0.0347   13.6800   10.2329   -0.0319
   13.7845   10.2329   -0.0292   13.8892   10.2329   -0.0270
   13.9938   10.2329   -0.0258   14.0985   10.2329   -0.0262
   14.2031   10.2329   -0.0305
   14.2608   10.5894   -0.0292   14.1666   10.5894   -0.0203
   14.0725   10.5894   -0.0114   13.9783   10.5894   -0.0026
   13.8840   10.5894    0.0061   13.7897   10.5894    0.0145
   13.6953   10.5894    0.0223   13.6009   10.5894    0.0296
   13.5065   10.5894    0.0361   13.4120   10.5894    0.0418
   13.3174   10.5894    0.0465   13.2229   10.5894    0.0502
   13.1283   10.5894    0.0524   13.0336   10.5894    0.0530
   12.9390   10.5894    0.0524   12.8443   10.5894    0.0505
   12.7497   10.5894    0.0473   12.6550   10.5894    0.0425
   12.5604   10.5894    0.0356   12.5131   10.5894    0.0312
   12.4658   10.5894    0.0257   12.4186   10.5894    0.0183
   12.3950   10.5894    0.0132   12.3856   10.5894    0.0103
   12.3810   10.5894    0.0084   12.3722   10.5894    0.0000
   12.3823   10.5894   -0.0071   12.3871   10.5894   -0.0085
   12.3966   10.5894   -0.0105   12.4203   10.5894   -0.0139
   12.4676   10.5894   -0.0186   12.5148   10.5894   -0.0222
   12.5620   10.5894   -0.0252   12.6563   10.5894   -0.0300
   12.7506   10.5894   -0.0338   12.8448   10.5894   -0.0369
   12.9390   10.5894   -0.0393   13.0333   10.5894   -0.0410
   13.1275   10.5894   -0.0420   13.2218   10.5894   -0.0419
   13.3161   10.5894   -0.0409   13.4104   10.5894   -0.0394
   13.5048   10.5894   -0.0374   13.5992   10.5894   -0.0350
   13.6936   10.5894   -0.0325   13.7881   10.5894   -0.0300
   13.8826   10.5894   -0.0277   13.9771   10.5894   -0.0258
   14.0717   10.5894   -0.0248   14.1663   10.5894   -0.0252
   14.2608   10.5894   -0.0292
   14.3186   10.9458   -0.0279   14.2344   10.9458   -0.0198
   14.1503   10.9458   -0.0119   14.0661   10.9458   -0.0038
   13.9819   10.9458    0.0040   13.8977   10.9458    0.0116
   13.8134   10.9458    0.0187   13.7290   10.9458    0.0252
   13.6447   10.9458    0.0312   13.5602   10.9458    0.0364
   13.4758   10.9458    0.0407   13.3913   10.9458    0.0440
   13.3068   10.9458    0.0461   13.2222   10.9458    0.0467
   13.1376   10.9458    0.0463   13.0531   10.9458    0.0447
   12.9685   10.9458    0.0419   12.8839   10.9458    0.0377
   12.7993   10.9458    0.0317   12.7571   10.9458    0.0277
   12.7148   10.9458    0.0228   12.6726   10.9458    0.0163
   12.6516   10.9458    0.0118   12.6432   10.9458    0.0092
   12.6390   10.9458    0.0075   12.6312   10.9458    0.0000
   12.6402   10.9458   -0.0064   12.6445   10.9458   -0.0076
   12.6530   10.9458   -0.0094   12.6742   10.9458   -0.0125
   12.7164   10.9458   -0.0167   12.7586   10.9458   -0.0200
   12.8007   10.9458   -0.0227   12.8850   10.9458   -0.0271
   12.9692   10.9458   -0.0306   13.0534   10.9458   -0.0334
   13.1376   10.9458   -0.0356   13.2218   10.9458   -0.0372
   13.3060   10.9458   -0.0383   13.3902   10.9458   -0.0382
   13.4745   10.9458   -0.0375   13.5588   10.9458   -0.0362
   13.6431   10.9458   -0.0345   13.7274   10.9458   -0.0325
   13.8118   10.9458   -0.0303   13.8962   10.9458   -0.0282
   13.9806   10.9458   -0.0262   14.0651   10.9458   -0.0246
   14.1496   10.9458   -0.0238   14.2341   10.9458   -0.0243
   14.3186   10.9458   -0.0279
   14.3763   11.3023   -0.0266   14.3022   11.3023   -0.0194
   14.2281   11.3023   -0.0123   14.1540   11.3023   -0.0051
   14.0799   11.3023    0.0019   14.0057   11.3023    0.0087
   13.9314   11.3023    0.0150   13.8571   11.3023    0.0209
   13.7828   11.3023    0.0262   13.7085   11.3023    0.0309
   13.6341   11.3023    0.0348   13.5597   11.3023    0.0378
   13.4852   11.3023    0.0398   13.4108   11.3023    0.0405
   13.3363   11.3023    0.0402   13.2618   11.3023    0.0389
   13.1873   11.3023    0.0365   13.1128   11.3023    0.0329
   13.0383   11.3023    0.0277   13.0011   11.3023    0.0243
   12.9639   11.3023    0.0200   12.9267   11.3023    0.0143
   12.9081   11.3023    0.0103   12.9008   11.3023    0.0080
   12.8971   11.3023    0.0066   12.8901   11.3023    0.0000
   12.8981   11.3023   -0.0056   12.9019   11.3023   -0.0067
   12.9093   11.3023   -0.0083   12.9280   11.3023   -0.0111
   12.9652   11.3023   -0.0148   13.0023   11.3023   -0.0177
   13.0394   11.3023   -0.0202   13.1136   11.3023   -0.0242
   13.1878   11.3023   -0.0274   13.2620   11.3023   -0.0299
   13.3361   11.3023   -0.0320   13.4103   11.3023   -0.0335
   13.4845   11.3023   -0.0345   13.5586   11.3023   -0.0346
   13.6329   11.3023   -0.0340   13.7071   11.3023   -0.0330
   13.7813   11.3023   -0.0316   13.8556   11.3023   -0.0299
   13.9299   11.3023   -0.0281   14.0043   11.3023   -0.0264
   14.0787   11.3023   -0.0247   14.1531   11.3023   -0.0234
   14.2275   11.3023   -0.0228   14.3019   11.3023   -0.0233
   14.3763   11.3023   -0.0266
$POINTS for network #  2   wingtip                                           
       1.0
       1.0                                     0.0       0.0
      26.0       5.0                                                  wingtip   
   14.3763   11.3023   -0.0266   14.3022   11.3023   -0.0194
   14.2281   11.3023   -0.0123   14.1540   11.3023   -0.0051
   14.0799   11.3023    0.0019   14.0057   11.3023    0.0087
   13.9314   11.3023    0.0150   13.8571   11.3023    0.0209
   13.7828   11.3023    0.0262   13.7085   11.3023    0.0309
   13.6341   11.3023    0.0348   13.5597   11.3023    0.0378
   13.4852   11.3023    0.0398   13.4108   11.3023    0.0405
   13.3363   11.3023    0.0402   13.2618   11.3023    0.0389
   13.1873   11.3023    0.0365   13.1128   11.3023    0.0329
   13.0383   11.3023    0.0277   13.0011   11.3023    0.0243
   12.9639   11.3023    0.0200   12.9267   11.3023    0.0143
   12.9081   11.3023    0.0103   12.9008   11.3023    0.0080
   12.8971   11.3023    0.0066   12.8901   11.3023    0.0000
   14.3763   11.3023   -0.0266   14.3021   11.3023   -0.0204
   14.2280   11.3023   -0.0149   14.1538   11.3023   -0.0097
   14.0796   11.3023   -0.0048   14.0053   11.3023   -0.0001
   13.9310   11.3023    0.0042   13.8568   11.3023    0.0082
   13.7825   11.3023    0.0118   13.7081   11.3023    0.0149
   13.6338   11.3023    0.0176   13.5594   11.3023    0.0197
   13.4850   11.3023    0.0212   13.4106   11.3023    0.0220
   13.3362   11.3023    0.0221   13.2618   11.3023    0.0217
   13.1874   11.3023    0.0205   13.1130   11.3023    0.0186
   13.0386   11.3023    0.0157   13.0014   11.3023    0.0138
   12.9642   11.3023    0.0113   12.9270   11.3023    0.0080
   12.9084   11.3023    0.0057   12.9010   11.3023    0.0044
   12.8973   11.3023    0.0035   12.8901   11.3023    0.0000
   14.3763   11.3023   -0.0266   14.3021   11.3023   -0.0214
   14.2278   11.3023   -0.0175   14.1535   11.3023   -0.0143
   14.0793   11.3023   -0.0114   14.0050   11.3023   -0.0088
   13.9307   11.3023   -0.0066   13.8564   11.3023   -0.0045
   13.7821   11.3023   -0.0027   13.7078   11.3023   -0.0010
   13.6335   11.3023    0.0004   13.5592   11.3023    0.0016
   13.4848   11.3023    0.0026   13.4105   11.3023    0.0035
   13.3362   11.3023    0.0041   13.2619   11.3023    0.0045
   13.1876   11.3023    0.0046   13.1132   11.3023    0.0044
   13.0389   11.3023    0.0038   13.0017   11.3023    0.0033
   12.9645   11.3023    0.0026   12.9273   11.3023    0.0016
   12.9087   11.3023    0.0010   12.9013   11.3023    0.0007
   12.8976   11.3023    0.0005   12.8901   11.3023    0.0000
   14.3763   11.3023   -0.0266   14.3020   11.3023   -0.0223
   14.2277   11.3023   -0.0201   14.1533   11.3023   -0.0188
   14.0790   11.3023   -0.0181   14.0046   11.3023   -0.0176
   13.9303   11.3023   -0.0174   13.8560   11.3023   -0.0172
   13.7817   11.3023   -0.0171   13.7074   11.3023   -0.0170
   13.6332   11.3023   -0.0168   13.5589   11.3023   -0.0165
   13.4847   11.3023   -0.0159   13.4104   11.3023   -0.0150
   13.3362   11.3023   -0.0140   13.2619   11.3023   -0.0127
   13.1877   11.3023   -0.0114   13.1134   11.3023   -0.0099
   13.0392   11.3023   -0.0082   13.0020   11.3023   -0.0072
   12.9649   11.3023   -0.0061   12.9277   11.3023   -0.0047
   12.9090   11.3023   -0.0037   12.9016   11.3023   -0.0030
   12.8978   11.3023   -0.0026   12.8901   11.3023    0.0000
   14.3763   11.3023   -0.0266   14.3019   11.3023   -0.0233
   14.2275   11.3023   -0.0228   14.1531   11.3023   -0.0234
   14.0787   11.3023   -0.0247   14.0043   11.3023   -0.0264
   13.9299   11.3023   -0.0281   13.8556   11.3023   -0.0299
   13.7813   11.3023   -0.0316   13.7071   11.3023   -0.0330
   13.6329   11.3023   -0.0340   13.5586   11.3023   -0.0346
   13.4845   11.3023   -0.0345   13.4103   11.3023   -0.0335
   13.3361   11.3023   -0.0320   13.2620   11.3023   -0.0299
   13.1878   11.3023   -0.0274   13.1136   11.3023   -0.0242
   13.0394   11.3023   -0.0202   13.0023   11.3023   -0.0177
   12.9652   11.3023   -0.0148   12.9280   11.3023   -0.0111
   12.9093   11.3023   -0.0083   12.9019   11.3023   -0.0067
   12.8981   11.3023   -0.0056   12.8901   11.3023    0.0000
$POINTS for network #  3   wingwake                                          
       1.0
      18.0                                     0.0       0.0
       2.0      33.0                                                  wingwake  
    5.9456    0.0000    0.0000  297.2819    0.0000    0.0000
    6.3498    0.3510   -0.0023  297.2819    0.3510   -0.0023
    6.7541    0.7019   -0.0046  297.2819    0.7019   -0.0046
    7.1583    1.0529   -0.0068  297.2819    1.0529   -0.0068
    7.5625    1.4039   -0.0091  297.2819    1.4039   -0.0091
    7.9667    1.7548   -0.0114  297.2819    1.7548   -0.0114
    8.3709    2.1058   -0.0137  297.2819    2.1058   -0.0137
    8.7751    2.4568   -0.0160  297.2819    2.4568   -0.0160
    9.1793    2.8077   -0.0182  297.2819    2.8077   -0.0182
    9.5835    3.1587   -0.0205  297.2819    3.1587   -0.0205
    9.9878    3.5097   -0.0228  297.2819    3.5097   -0.0228
   10.3920    3.8606   -0.0251  297.2819    3.8606   -0.0251
   10.7962    4.2116   -0.0274  297.2819    4.2116   -0.0274
   11.2004    4.5626   -0.0296  297.2819    4.5626   -0.0296
   11.6046    4.9135   -0.0319  297.2819    4.9135   -0.0319
   12.0088    5.2645   -0.0342  297.2819    5.2645   -0.0342
   12.4130    5.6155   -0.0365  297.2819    5.6155   -0.0365
   12.8172    5.9664   -0.0388  297.2819    5.9664   -0.0388
   13.2214    6.3174   -0.0410  297.2819    6.3174   -0.0410
   13.6257    6.6683   -0.0433  297.2819    6.6683   -0.0433
   13.6834    7.0248   -0.0420  297.2819    7.0248   -0.0420
   13.7411    7.3813   -0.0407  297.2819    7.3813   -0.0407
   13.7989    7.7377   -0.0395  297.2819    7.7377   -0.0395
   13.8566    8.0942   -0.0382  297.2819    8.0942   -0.0382
   13.9144    8.4506   -0.0369  297.2819    8.4506   -0.0369
   13.9721    8.8071   -0.0356  297.2819    8.8071   -0.0356
   14.0299    9.1635   -0.0343  297.2819    9.1635   -0.0343
   14.0876    9.5200   -0.0330  297.2819    9.5200   -0.0330
   14.1453    9.8765   -0.0317  297.2819    9.8765   -0.0317
   14.2031   10.2329   -0.0305  297.2819   10.2329   -0.0305
   14.2608   10.5894   -0.0292  297.2819   10.5894   -0.0292
   14.3186   10.9458   -0.0279  297.2819   10.9458   -0.0279
   14.3763   11.3023   -0.0266  297.2819   11.3023   -0.0266
$END OF INPUT DATA
